# Matter power spectrum P(k) at redshift z=1.5
# for k=1.04895e-05 to 10500.3 h/Mpc,
# number of wavenumbers equal to 152
#    1:k (h/Mpc)              2:P (Mpc/h)^3        
       1.048952935429e-05       1.170540052178e+01 
       1.320553506188e-05       1.461859793506e+01 
       1.662478366574e-05       1.825680439884e+01 
       2.092936262238e-05       2.280044529590e+01 
       2.634850645797e-05       2.847481960594e+01 
       3.317080434276e-05       3.556126921091e+01 
       4.175956851675e-05       4.441108177191e+01 
       5.257218199130e-05       5.546282682097e+01 
       6.618445586232e-05       6.926393951136e+01 
       8.332129335084e-05       8.649753387077e+01 
       1.048952935429e-04       1.080156247276e+02 
       1.320553506188e-04       1.348800774638e+02 
       1.662478366574e-04       1.684077777001e+02 
       2.092936262238e-04       2.102481683154e+02 
       2.634850645797e-04       2.624322453614e+02 
       3.317080434276e-04       3.274686947805e+02 
       4.175956851675e-04       4.084305962361e+02 
       5.257218199130e-04       5.090451789593e+02 
       6.618445586232e-04       6.337701594200e+02 
       8.332129335084e-04       7.878382083456e+02 
       1.048952935429e-03       9.772483039646e+02 
       1.320553506188e-03       1.208670362512e+03 
       1.662478366574e-03       1.489130371192e+03 
       2.092936262238e-03       1.825463977161e+03 
       2.634850645797e-03       2.223160677034e+03 
       3.317080434276e-03       2.684835999470e+03 
       4.175956851675e-03       3.208085612403e+03 
       5.257218199130e-03       3.782593071206e+03 
       6.618445586232e-03       4.386605291960e+03 
       8.332129335084e-03       4.983281447616e+03 
       1.048952935429e-02       5.516300614996e+03 
       1.320553506188e-02       5.908600420101e+03 
       1.662478366571e-02       6.065284412369e+03 
       2.092936245785e-02       5.893026734498e+03 
       2.634838077218e-02       5.348256941801e+03 
       3.315335827376e-02       4.514341666190e+03 
       4.117749966751e-02       3.677979877581e+03 
       4.795254993721e-02       3.197352555101e+03 
       5.286425045417e-02       2.960383469372e+03 
       5.691304009839e-02       2.812079164299e+03 
       6.052726845175e-02       2.699810980413e+03 
       6.389773125215e-02       2.601566207973e+03 
       6.712534820597e-02       2.506507883533e+03 
       7.027060313276e-02       2.408610555756e+03 
       7.337321162010e-02       2.305157901681e+03 
       7.646115596000e-02       2.195465827482e+03 
       7.955530817597e-02       2.080431646572e+03 
       8.267199812167e-02       1.962113923010e+03 
       8.582453480245e-02       1.843345518046e+03 
       8.902415521325e-02       1.727350122057e+03 
       9.228064147818e-02       1.617368990305e+03 
       9.560273636259e-02       1.516296540412e+03 
       9.899843114064e-02       1.426315154029e+03 
       1.024751697738e-01       1.348705861942e+03 
       1.060399965118e-01       1.283748518694e+03 
       1.096996641967e-01       1.230575037156e+03 
       1.134607146169e-01       1.187354854746e+03 
       1.173295385667e-01       1.151212832832e+03 
       1.213124209241e-01       1.118679280453e+03 
       1.254155745339e-01       1.086000011343e+03 
       1.296451656829e-01       1.049824741631e+03 
       1.340073332881e-01       1.007666328116e+03 
       1.385082034762e-01       9.587337725113e+02 
       1.431539009375e-01       9.040185956290e+02 
       1.479505582442e-01       8.461357020348e+02 
       1.529043241975e-01       7.888077804401e+02 
       1.580213721861e-01       7.358554041030e+02 
       1.633079094911e-01       6.902616041593e+02 
       1.687701884391e-01       6.534210430946e+02 
       1.744145202864e-01       6.248414540217e+02 
       1.802472927031e-01       6.021522722433e+02 
       1.862749917180e-01       5.819771711828e+02 
       1.925042289813e-01       5.605807020455e+02 
       1.989417752019e-01       5.351268595362e+02 
       2.055946006350e-01       5.051816788803e+02 
       2.124699235225e-01       4.728118289604e+02 
       2.195752674512e-01       4.413086827376e+02 
       2.269185286902e-01       4.135918892693e+02 
       2.345080547155e-01       3.911216399835e+02 
       2.423527353509e-01       3.734521339922e+02 
       2.504621082570e-01       3.582964289308e+02 
       2.588464809217e-01       3.428061990201e+02 
       2.675170718728e-01       3.253180875188e+02 
       2.764861745867e-01       3.061244540629e+02 
       2.857673485676e-01       2.871356343052e+02 
       2.953756433939e-01       2.704906073729e+02 
       3.053278632782e-01       2.567751086407e+02 
       3.156428820193e-01       2.448899753117e+02 
       3.263420213562e-01       2.331470681331e+02 
       3.374495099765e-01       2.205927883270e+02 
       3.489930462605e-01       2.078553300879e+02 
       3.610044959369e-01       1.961244372190e+02 
       3.735207672561e-01       1.859324769036e+02 
       3.865849226603e-01       1.765844947006e+02 
       4.002476098023e-01       1.672310474644e+02 
       4.145689302190e-01       1.578372292006e+02 
       4.296209176886e-01       1.490058471659e+02 
       4.454908815347e-01       1.409262823610e+02 
       4.622860022811e-01       1.332258893319e+02 
       4.801397825991e-01       1.255914855897e+02 
       4.992213188510e-01       1.182514462010e+02 
       5.197489887388e-01       1.113379147766e+02 
       5.420112893203e-01       1.045642759647e+02 
       5.663997084830e-01       9.793452761793e+01 
       5.934627725556e-01       9.149386869485e+01 
       6.239993427101e-01       8.508771614870e+01 
       6.592291724542e-01       7.869597923677e+01 
       7.011264336281e-01       7.218681703113e+01 
       7.531239737703e-01       6.542804923852e+01 
       8.217203627665e-01       5.818990963918e+01 
       9.202773945291e-01       5.016094867921e+01 
       1.076080634432e+00       4.111417947268e+01 
       1.324171164053e+00       3.182148587259e+01 
       1.664230651192e+00       2.408430887919e+01 
       2.095088782300e+00       1.812128345515e+01 
       2.637560307859e+00       1.347873337259e+01 
       3.320491696597e+00       9.847087409898e+00 
       4.180251376498e+00       7.029713570238e+00 
       5.262624685560e+00       4.885589636177e+00 
       6.625251949387e+00       3.297954514036e+00 
       8.340698038623e+00       2.161296823702e+00 
       1.050031671292e+01       1.377528710978e+00 
       1.321911554179e+01       8.569267962478e-01 
       1.664188047700e+01       5.224618952184e-01 
       2.095088623253e+01       3.134612246702e-01 
       2.637560307775e+01       1.857297334604e-01 
       3.320491696597e+01       1.090039214680e-01 
       4.180251376498e+01       6.351879982956e-02 
       5.262624685560e+01       3.681852338653e-02 
       6.625251949387e+01       2.125910359261e-02 
       8.340698038623e+01       1.224035586963e-02 
       1.050031671292e+02       7.033157455881e-03 
       1.321911554179e+02       4.035156581132e-03 
       1.664188047700e+02       2.312617003708e-03 
       2.095088623253e+02       1.324373505749e-03 
       2.637560307775e+02       7.580098180766e-04 
       3.320491696597e+02       4.336752996350e-04 
       4.180251376498e+02       2.480441635018e-04 
       5.262624685560e+02       1.418414163672e-04 
       6.625251949387e+02       8.109838295811e-05 
       8.340698038623e+02       4.636333469035e-05 
       1.050031671292e+03       2.650352202170e-05 
       1.321911554179e+03       1.514985248887e-05 
       1.664188047700e+03       8.659561216623e-06 
       2.095088623253e+03       4.949609222883e-06 
       2.637560307775e+03       2.829026296281e-06 
       3.320491696597e+03       1.616950112914e-06 
       4.180251376498e+03       9.241695014179e-07 
       5.262624685560e+03       5.282059863039e-07 
       6.625251949387e+03       3.018927030306e-07 
       8.340698038623e+03       1.725441325333e-07 
       1.050031671292e+04       9.861580867906e-08 
